measure_id;trip_id;line_code;pattern_long_name;point_first;point_last;point_first_seq_no;point_last_seq_no;event_no;regulation_kilometres
484981385206965215;1920522;185;00841002;4282;4156;24;46;;9.497
484981385206965215;980629;185;00841002;4282;1339084;24;47;;-9.723
484981385206752047;2760108;83;00831001;1065041;1510369;60;66;;6.249
484981385206807703;942540;83;083A1001;1510369;1013720;67;68;;-.134
484981385205676436;2024656;83;00831001;4890;1510369;57;66;;7.434
484981385206807703;2750755;83;083A1001;1510369;1510369;67;67;;0
484981385205402995;2764663;83;00830001;1009891;1136107;37;66;;7.249
484981385206296596;;83;083A1001;1136107;1013720;0;68;;23.997
484981385206898700;2759082;83;083A0001;1013514;1136107;0;70;;23.531
484981385206752047;907290;83;00831001;1065041;1013720;60;67;;-6.383
484981385205676436;986970;83;00831001;4890;1013720;57;67;;-7.568
484981385206657622;2750189;122;01220001;1001398;1001415;0;10;;3.386
484981385207040622;2751291;122;01221001;1001436;1257938;27;29;;1.143
484981385206657895;2762729;122;01220001;1001398;1051660;0;19;;5.982
484981385206657926;2764191;122;01220001;1001398;1001415;0;10;;3.386
484981385206592057;2757520;122;01220001;1001398;1193129;0;4;;1.469
484981385207040622;948884;122;01221001;1001436;1311893;27;30;;-1.591
484981385206494485;2760730;122;01220001;1001398;1193129;0;4;;1.469
484981385206494928;2761650;122;01220001;1001398;1001412;0;5;;1.86
484981385205531994;2752061;123;01231001;1001394;1001471;0;15;;3.84
484981385205531963;2752059;123;01230001;1001410;1001408;30;43;;3.573
484981385205532530;2751535;123;01230001;1001405;1378;0;18;;4.479
484981385205531904;2760491;123;01230001;1001405;1378;0;18;;4.479
484981385206773059;2755343;123;01230001;1001454;1378;16;18;;.642
484981385206657751;2762080;123;01230001;1467;1378;15;18;;.881
484981385205612964;2757862;123;01231001;35004;1001404;17;46;;8.295
484981385205403373;947466;25;025B0002;1229340;1086416;0;40;1736029016;-21.811
484981385205403480;960108;25;025A0002;1229340;1193118;0;40;1736197991;-19.647
484981385205403507;2419097;25;025A0002;1229340;1193118;0;40;;19.647
484981385205127275;952194;25;025A1002;1247115;1247139;13;39;1736197951;-15.386
484981385205464144;961880;25;025A0002;1229340;1193118;0;40;;-19.647
484981385205127980;2284931;25;025A1002;1193060;1247076;0;17;;6.195
484981385205403399;2419716;25;025B0002;1229340;1086416;0;40;;21.811
484981385205127325;901405;25;025A1002;1247115;1247139;13;39;1735901475;-15.386
484981385206378011;933257;25;025B1002;1086440;2281405;0;34;1736178204;-18.86
484981385206378011;933257;25;025B1002;1086440;2281405;0;34;1736178116;-18.86
484981385205204057;2421532;25;025A0002;1229340;7588;0;5;;1.419
484981385206378065;2284127;25;025B1002;1086440;1229350;0;20;;8.253
484981385205127949;2779108;25;025A0002;1229340;1193118;0;40;;19.647
484981385205531687;2412107;25;025A0002;1229340;1193118;0;40;;19.647
484981385205203997;2428651;25;025B0002;1229340;7588;0;5;;1.419
484981385205127381;2428647;25;025A0002;1229340;1193118;0;40;;19.647
484981385205464088;2413472;25;025B0002;1229340;1086416;0;40;;21.811
484981385205127613;941837;25;025A1002;1193062;1247139;12;39;1737010661;-15.764
484981385205127920;964877;25;025A1002;1193060;1247139;0;39;;-19.83
484981385205127920;912786;25;025A0002;1247116;1193118;6;40;1736031366;-17.58
484981385205402937;2298159;25;025B1002;1086440;1229345;0;19;;8.12
484981385205127698;978228;25;025B1002;1086440;1247139;0;39;1736178204;-20.841
484981385205127698;978228;25;025B1002;1086440;1247139;0;39;1736178116;-20.841
484981385205464293;912546;25;025A0002;1229340;1193118;0;40;1735877039;-19.647
484981385205127736;930858;25;025A0002;1229340;1193118;0;40;1736178158;-19.647
484981385205464058;932940;25;025B0002;1229340;1086416;0;40;1736184025;-21.811
484981385205127300;962861;25;025A1002;1247115;1247139;13;39;1736175390;-15.386
484981385205127583;941219;25;025A0002;1229340;1193118;0;40;1737017962;-19.647
484981385205531875;2290968;25;025B1002;1086440;1247139;0;39;;20.841
484981385206898891;2417269;25;025A0002;1229340;7588;0;5;;1.419
484981385206898891;2292838;25;025A1002;2281405;1247139;34;39;;1.981
484981385205203938;2417266;25;025A0002;1229340;7588;0;5;;1.419
484981385205127353;902804;25;025A0002;1229340;1193118;0;40;1739122010;-19.647
484981385205203880;2417463;25;025B0002;1229340;7588;0;5;;1.419
484981385206772825;2415174;25;025A0002;1229340;7588;0;5;;1.419
484981385205464346;2426912;25;025A0002;1229340;1193009;0;17;;10.056
484981385205203820;2424271;25;025A0002;1229340;1193118;0;40;;19.647
484981385206168030;2424269;25;025A1002;2281405;1247139;34;39;;1.981
484981385205464172;2424260;25;025A0002;1229340;1193118;0;40;;19.647
484981385205265131;2294424;26;00661002;1229377;5056;0;27;;14.744
484981385206773623;2291986;26;00261002;1229360;1229374;0;25;;9.93
484981385206898817;1752586;26;00260001;1229340;1229360;0;28;;10.775
484981385206772937;2289524;26;00261002;1229360;1229374;0;25;;9.93
484981385205402794;914318;26;00260001;1229340;1229360;0;28;1735789403;-10.775
484981385205264999;947263;26;00661002;1229377;1229374;0;52;;-26.348
484981385206898758;2292696;26;066A1002;1229355;1229374;4;45;;17.792
484981385205402821;1753815;26;00260001;1229340;1229360;0;28;;10.775
484981385206899109;2757178;27;00270004;1013614;1051531;0;90;;28.617
484981385205532441;2757171;27;00271001;1051594;2370;0;21;;7.476
484981385206591728;2752144;27;077A1001;1051540;1051438;0;67;;23.887
484981385206591728;2752142;27;077A0001;1051601;1051455;0;72;;24.026
484981385205612811;2759172;27;00270004;1030210;1051531;40;90;;16.891
484981385205531593;2759172;27;00270004;1013614;1005740;0;39;;11.142
484981385205464943;2759171;27;00271001;515;1013614;50;87;;11.19
484981385206167951;2765210;27;00270004;1013614;1005740;0;39;;11.142
484981385206167951;2765209;27;00271001;1051594;1013614;0;87;;28.794
484981385206167688;2765209;27;00271001;1051594;311001;0;46;;15.932
484981385206657062;2764346;27;00271001;1051594;1013614;0;87;;28.794
484981385206657062;2764344;27;00270004;1229361;1051531;41;90;;16.729
484981385206168250;2764702;27;077A1001;1051540;1051438;0;67;;23.887
484981385206168250;2764700;27;077A0001;1051601;1051455;0;72;;24.026
484981385205264384;2757839;27;077A1001;7043;1051438;45;67;;6.66
484981385206296627;2759752;27;00270004;1030210;1051531;40;90;;16.891
484981385206494866;2738714;130;01300002;1013664;1003878;0;7;;1.842
484981385206377854;940160;130;01300002;1013664;1013484;0;37;1736169527;-10.308
484981385206377854;998259;130;01301002;1013539;1013759;0;37;1736169483;-10.252
484981385206377763;2739064;130;01301002;1013539;1733;0;21;;5.847
484981385206689748;1756941;27B;027B0001;1003850;1510369;41;42;;2.803
484981385205876443;1756713;27B;027B0001;1510369;1510369;42;42;;0
484981385206494513;957778;27B;027B0001;1013613;1013709;0;36;1735744068;-11.017
484981385205532202;2327736;27B;027B1009;1013505;1051611;0;38;;11.064
484981385205876443;927914;27B;027B0001;1510369;1013720;42;43;;-.134
484981385206369743;948929;27B;027B0001;1003850;1013720;41;43;;-2.937
484981385206689748;912833;27B;027B0001;1003850;1013720;41;43;;-2.937
484981385206494619;1722600;27B;027B0001;1013613;1005700;0;15;;-4.694
484981385206494540;1722600;27B;027B0001;1013613;1005700;0;15;;4.694
484981385206369743;1722596;27B;027B0001;1003850;1510369;41;42;;2.803
484981385206495100;2521389;14;00140002;1003786;1257998;0;75;;21.153
484981385206495100;2521388;14;00141002;496;1003786;47;72;;7.541
484981385205127804;2348091;65B;00651003;1051635;1051640;0;47;;21.534
484981385206464416;2341269;65B;065B1001;311001;311001;55;55;;0
484981385206464416;949801;65B;065B1001;311001;2237085;55;56;;-.862
484981385205127777;999517;65B;00651003;1051635;2237085;0;76;1736073532;-31.64
484981385205127749;976523;65B;00650003;1393035;1051436;1;73;1736073458;-30.387
484981385205402704;2793669;7;007A1001;538005;1311978;46;64;;7.039
484981385205769454;962610;7;007A1001;1051612;1311978;61;64;;-2.688
484981385205531746;998152;7;00070006;1311978;2786719;0;55;1736048795;-21.604
484981385205769454;2800756;7;007A1001;1051612;1045900;61;63;;1.426
484981385206167984;1730586;75;00750001;4636;1257986;59;77;;5.512
484981385206657385;1730408;75;00750001;1051575;5132;0;21;;8.676
484981385206591521;1717804;75;00750002;1051575;1051500;0;13;;6.091
484981385206168099;1717800;75;00750001;1211618;1257986;56;77;;6.548
484981385205612638;;75;00750001;1051575;1257986;0;77;;25.348
484981385205612493;958535;75;00750001;1051575;1257986;0;77;;-25.348
484981385206773655;1744755;75;00750001;1051575;2860;0;38;;13.522
484981385205612464;1726978;75;00750001;1051575;4712;0;30;;11.427
484981385206592289;2414452;140;01400003;1065034;1051497;0;24;;9.923
484981385206591678;;140;01401003;1013533;1065034;0;46;;15.449
484981385205265024;940414;140;01401003;1013533;1065034;0;46;;-15.449
484981385206591615;;140;01400003;1065034;1013467;0;43;;15.279
484981385205264707;977215;140;01400003;1065034;1013467;0;43;;-15.279
484981385205612668;974609;140;01401003;1013533;1065034;0;46;;-15.449
484981385205264680;937581;140;01400003;1065034;1013467;0;43;;-15.279
484981385206592250;2411482;140;01401003;1013533;1013616;0;10;;2.743
484981385206592156;2411479;140;01400003;1065003;1013467;26;43;;4.566
484981385205265090;990384;140;01401003;1013533;1065034;0;46;;-15.449
484981385205264733;951064;140;01400003;1065034;1013467;0;43;;-15.279
484981385205264974;920825;140;01401003;1013533;1065034;0;46;;-15.449
484981385205264654;997947;140;01400003;1065034;1013467;0;43;1736197037;-15.279
484981385205264654;997947;140;01400003;1065034;1013467;0;43;1736196912;-15.279
484981385207221554;2421157;140;01400003;1065034;1013467;0;43;;15.279
484981385207221333;2421156;140;01401003;1013533;1065034;0;46;;15.449
484981385206591756;2421724;140;01400003;1065034;1065019;0;11;;5.305
484981385205464684;919753;140;01401003;1013533;1065034;0;46;1735998071;-15.449
484981385205127200;910460;142;01420003;1013443;1312095;13;52;1736058225;-27.373
484981385205127174;923842;142;01420003;1013443;1312095;13;52;1736232074;-27.373
484981385206296533;1940037;1;00011001;1086388;1003788;0;42;;12.082
484981385206168453;972831;1;00010001;1003788;1086469;0;41;;-11.959
484981385206168453;913920;1;00011001;1086388;1003788;0;42;;-12.082
484981385206296596;1938336;1;00010001;1003788;1086431;0;21;;5.891
484981385206898924;1942183;1;00010001;1051660;375;20;36;;5.068
484981385206494355;1944226;1;00010001;1003788;1086431;0;21;;5.891
484981385205464377;2608623;4;00040001;1013514;1051508;0;4;;3.245
484981385205723827;942302;4;00041001;322;1013720;58;60;;-2.391
484981385206772878;910118;4;00041001;1179021;1013720;0;60;1735791220;-21.005
484981385205464280;953313;4;00041001;1179021;1013720;0;60;1735935984;-21.005
484981385205464280;972741;4;00040001;1013514;1179020;0;55;1735935902;-20.653
484981385206657146;976581;4;00041001;1179021;1013720;0;60;;-21.005
484981385205613357;975084;4;00041001;490;1013720;27;60;1735791146;-12.203
484981385205723827;2616840;4;00041001;322;1051426;58;59;;1.001
484981385206297490;1734800;33A;033A0001;1005705;1005726;56;63;;5.765
484981385205926619;2588233;13;00131001;1086356;1051593;0;54;;19.893
484981385205926619;2588232;13;00130001;1003812;1086356;32;90;;19.934
484981385205532327;2588229;13;00130001;1510357;1937;0;36;;13.277
484981385205464859;2588525;13;00130001;1510357;1051660;0;30;;10.78
484981385205464859;2588523;13;00131001;1086356;1510369;0;89;;31.74
484981385205464798;911137;13;00130001;1510357;1086356;0;90;1735967066;-31.485
484981385205926671;2583799;13;00130001;1510357;1086356;0;90;;31.485
484981385205926671;2583797;13;00131001;1001439;1510369;56;89;;10.878
484981385206772768;2589789;13;00130001;1510357;1051479;0;1;;1.183
484981385206772768;2589787;13;00131001;1051426;1510369;88;89;;1.255
484981385206657803;2587943;13;00131002;1086334;2154;4;15;;2.938
484981385206773150;1751847;13;00131007;1086356;1510369;0;85;;31.671
484981385206773150;1751846;13;00130007;1003812;1086356;32;87;;19.826
484981385205613086;914783;13;00130001;1510357;1086356;0;90;1736176128;-31.485
484981385205612782;2764251;15;015B0004;1086521;1086353;0;49;;14.597
484981385205722394;921265;15;00151004;1653699;1013460;0;37;1736022750;-11.505
484981385205722394;921265;15;00151004;1653699;1013460;0;37;1736022641;-11.505
484981385205612754;993992;15;015B0004;1051612;1086353;6;49;1736022701;-13.34
484981385205265188;904561;15;00151004;1653699;1013460;0;37;1736022750;-11.505
484981385205265188;904561;15;00151004;1653699;1013460;0;37;1736022641;-11.505
484981385206296886;2774543;15;015B0005;1051601;1086353;0;48;;14.561
484981385206296847;2755320;15;015A0003;1086521;1030180;0;39;;10.275
484981385206773685;2760168;15;015B0004;1086521;1086353;0;49;;14.597
484981385205264949;972878;15;00151004;1653699;1013460;0;37;1735872909;-11.505
484981385206899017;2754476;15;015B0004;1086521;1086353;0;49;;14.597
484981385205532024;2760454;15;015A0003;1086521;1030180;0;39;;10.275
484981385206773504;2754335;15;015B0004;1086521;1086353;0;49;;14.597
484981385205532501;2764074;15;015B0004;1086521;2914;0;22;;5.974
484981385205403319;939405;15;00150002;1013489;1045906;0;35;1736023494;-11.022
484981385205402618;906658;15;00151004;1653700;1013460;5;37;1737000348;-9.648
484981385205464684;988694;15;00150002;1013489;1045906;0;35;1735717862;-11.022
484981385206494836;912169;31;00311002;1030279;2313167;0;54;;-16.448
484981385206657228;2671478;31;00311002;1030279;2313167;0;54;;16.448
484981385206657174;2671477;31;00310004;2313165;1030279;0;52;;17.022
484981385205926560;2671472;31;00311002;1030279;1030289;0;16;;5.004
484981385205926532;995564;31;00311002;1030279;2313167;0;54;1736028678;-16.448
484981385206773313;2167686;37;00371001;1193044;1065030;52;59;;2.738
484981385205403048;2158514;37;00371001;1193043;1065030;0;59;;19.675
484981385206377571;2707972;38;00381002;1820;1838;13;21;;4.519
484981385206591462;2703179;38;038A1002;1193051;1192988;51;61;;2.424
484981385206773586;2696115;38;00701001;1193004;1192988;16;50;;10.633
484981385206494645;2705386;38;038A1002;1193051;1192988;51;61;;2.424
484981385206377652;2700454;38;00380001;1193011;1193148;0;57;;22.577
484981385206377652;2700452;38;00381001;1193148;1192988;0;60;;21.353
484981385205204319;926394;39;039A0002;1086403;1086466;0;24;1735915888;-7.878
484981385205204242;908560;39;039A0002;1086403;1086466;0;24;1735942870;-7.878
484981385205722747;2418372;39;039A0001;1086403;1193090;0;72;;28.647
484981385206495015;2422412;39;00390001;1193100;1193090;29;70;;17.109
484981385205204395;989704;39;039A1001;1193061;1086403;0;70;;-27.683
484981385205204166;991875;39;039A0002;1086403;1086466;0;24;1735771906;-7.878
484981385205612704;943387;39;039A0001;1086403;1086466;0;24;1736029566;-7.878
484981385205204268;992877;39;039A0002;1086403;1086466;0;24;1735732813;-7.878
484981385205204600;980431;39;00390001;1193011;1193090;0;70;1735936241;-28.152
484981385205204369;919303;39;039A1001;1193061;1086403;0;70;;-27.683
484981385205204344;994418;39;039A1001;1193061;1086403;0;70;1735877146;-27.683
484981385205204191;989430;39;039A0002;1086403;1086466;0;24;1735724510;-7.878
484981385206899076;2427292;39;00390001;1193011;1193090;0;70;;28.152
484981385206773417;2427290;39;00391001;1193061;7163;0;8;;3.626
484981385205722185;2427280;39;00390001;1165337;1193090;12;70;;23.331
484981385206592429;2416701;39;039A0001;1086403;1193090;0;72;;28.647
484981385205204655;2416701;39;039A0001;1086403;7588;0;23;;7.221
484981385205204542;2419458;39;039A1001;1193061;1898;0;11;;4.852
484981385205204627;2428144;39;00390001;1193011;1193090;0;70;;28.152
484981385205204482;2416628;39;039A1001;1193061;1898;0;11;;4.852
484981385205204217;980101;39;039A0002;1086403;1086466;0;24;1736176900;-7.878
484981385205722825;2417711;39;039A0001;1086403;777;0;10;;3.185
484981385205722825;2417710;39;039A1001;1193044;1086403;49;70;;6.593
484981385205820860;2417710;39;039A1001;2281405;2281405;48;48;;0
484981385205204423;2419370;39;039A1001;1193061;1898;0;11;;4.852
484981385205820860;918189;39;039A1001;2281405;1193044;48;49;;-.116
484981385205204294;992523;39;039A0002;1086403;1086466;0;24;1737004349;-7.878
484981385206773211;2424419;39;039A1001;1193061;1898;0;11;;4.852
484981385205204116;930165;39;039A0002;1086403;1086466;0;24;;-7.878
484981385205204141;923724;39;039A0002;1086403;1086466;0;24;1735771588;-7.878
484981385206657681;1731926;54A;054A1001;1030272;311001;0;42;;16.568
484981385206657681;1731923;54A;054A0001;1229321;1258069;0;44;;17.258
484981385206772700;2411980;145;01450007;1258016;2408027;0;68;;26.207
484981385206899350;2427969;145;01451009;2408027;1258016;0;71;;27.516
484981385206899350;2427968;145;01450007;761;2408027;20;68;;19.184
484981385206773269;2759791;145;01450007;1258016;7622;0;5;;2.136
484981385206898666;2427999;145;01450007;1258016;1352912;0;23;;8.148
484981385206494896;2421980;145;01451009;1329940;771;14;50;;14.596
484981385205613023;1741838;40;00400001;1528357;6080;0;9;;2.558
484981385206773559;1951704;40;00401001;1086345;1257938;0;44;;15.71
484981385206773559;1725661;40;00400001;1003812;1086458;34;79;;15.609
484981385206591835;1951360;40;00401001;1065042;1136139;43;82;;10.882
484981385205464412;2215031;40;040D1001;1003856;1257968;42;43;;.315
484981385205464444;2215029;40;040D0002;1258088;1258088;0;0;;0
484981385205464412;2215027;40;040D1002;1003856;1257968;40;41;;.315
484981385205464444;2215023;40;040D0003;1258088;1258088;0;0;;0
484981385205464412;2215021;40;040D1002;1003856;1257968;40;41;;.315
484981385205464444;1734335;40;040D0002;1258088;1258088;0;0;;0
484981385205464412;1734332;40;040D1002;1003856;1257968;40;41;;.315
484981385205464412;1734327;40;040D1002;1003856;1257968;40;41;;.315
484981385205613267;1949534;40;00401001;1086345;1193049;0;13;;5.282
484981385206657030;1953627;40;00401001;1065042;1136139;43;82;;10.882
484981385206168210;1954110;40;00401001;1086345;1193049;0;13;;5.282
484981385206297432;1745275;40;00400001;1003812;1086458;34;79;;15.609
484981385205265215;1745267;40;00400001;1003812;1086458;34;79;;15.609
484981385205464444;2209318;40;040D0001;1258088;1258088;0;0;;0
484981385205464412;2209316;40;040D1002;1003856;1257968;40;41;;.315
484981385205464444;2209314;40;040D0002;1258088;1258088;0;0;;0
484981385205464412;2209312;40;040D1002;1003856;1257968;40;41;;.315
484981385205464444;2209309;40;040D0002;1258088;1258088;0;0;;0
484981385205464412;1750827;40;040D1002;1003856;1257968;40;41;;.315
484981385205464444;1750824;40;040D0002;1258088;1258088;0;0;;0
484981385205464412;1750822;40;040D1002;1003856;1257968;40;41;;.315
484981385205464412;1750818;40;040D1002;1003856;1257968;40;41;;.315
484981385207096719;963121;40;00400001;1586;1065022;11;33;;-6.821
484981385206656973;907273;40;00401001;1086345;1136139;0;82;1736237406;-26.493
484981385205613208;959722;40;00401002;1086345;1065042;0;43;;-15.611
484981385205464412;2209595;40;040B1001;1003856;1257968;38;39;;.315
484981385205464444;2209592;40;040D0002;1258088;1258088;0;0;;0
484981385206772864;2209590;40;040D1002;7097;5071;1;6;;2.653
484981385205464412;2209590;40;040D1002;1003856;1257968;40;41;;.315
484981385205464444;2209588;40;040D0002;1258088;1258088;0;0;;0
484981385205464444;2209585;40;040D0002;1258088;1258088;0;0;;0
484981385205464412;1753944;40;040D1002;1003856;1257968;40;41;;.315
484981385205464444;1753941;40;040D0002;1258088;1258088;0;0;;0
484981385205464412;1753939;40;040D1002;1003856;1257968;40;41;;.315
484981385205464444;1756138;40;040D0002;1258088;1258088;0;0;;0
484981385205464444;1755914;40;040B0001;1258088;1258088;0;0;;0
484981385205464412;1755912;40;040D1002;1003856;1257968;40;41;;.315
484981385205464444;1755910;40;040D0002;1258088;1258088;0;0;;0
484981385205464412;1755908;40;040D1002;1003856;1257968;40;41;;.315
484981385205464444;1755905;40;040D0002;1258088;1258088;0;0;;0
484981385205464412;1755903;40;040B1001;1003856;1257968;38;39;;.315
484981385205464412;1755899;40;040B1001;1003856;1257968;38;39;;.315
484981385205464412;1756140;40;040D1001;1003856;1257968;42;43;;.315
484981385205489718;1719471;40;040D1001;1003856;1257968;42;43;;-.315
484981385205464412;1719471;40;040D1001;1003856;1257968;42;43;;.315
484981385205464444;1719468;40;040D0001;1258088;1258088;0;0;;0
484981385205464412;1719465;40;040D1001;1003856;1257968;42;43;;.315
484981385205464412;1719460;40;040D1002;1003856;1257968;40;41;;.315
484981385205464444;1719457;40;040D0002;1258088;1258088;0;0;;0
484981385205464412;1719452;40;040D1002;1003856;1257968;40;41;;.315
484981385205464444;1719449;40;040D0002;1258088;1258088;0;0;;0
484981385205464444;1719445;40;040B0001;1258088;1258088;0;0;;0
484981385205464412;1719440;40;040D1002;1003856;1257968;40;41;;.315
484981385205464444;1719437;40;040D0002;1258088;1258088;0;0;;0
484981385205464412;1719434;40;040D1002;1003856;1257968;40;41;;.315
484981385205204717;1958035;40;00401003;1065042;1136139;0;39;;10.882
484981385205464444;1722874;40;040B0001;1258088;1258088;0;0;;0
484981385205464412;1722871;40;040B1001;1003856;1257968;38;39;;.315
484981385205464444;1722870;40;040B0001;1258088;1258088;0;0;;0
484981385205464444;1722866;40;040D0002;1258088;1258088;0;0;;0
484981385205464412;1722863;40;040D1002;1003856;1257968;40;41;;.315
484981385205402861;1722859;40;00400002;1528357;1003812;0;34;;10.269
484981385206591493;1734673;40;00400001;1528357;6080;0;9;;2.558
484981385205464412;;40;040D1002;1003856;1257968;40;41;;.315
484981385205464506;909974;40;040D1002;1013447;1051660;20;39;;-5.908
484981385207096719;1735196;40;00400001;1586;1051660;11;32;;6.467
484981385206899231;1735196;40;00400001;1065022;1086458;33;79;;16.026
484981385205464412;1739507;40;040D1001;1003856;1257968;42;43;;.315
484981385205464444;1739505;40;040D0001;1258088;1258088;0;0;;0
484981385205464412;1739503;40;040D1001;1003856;1257968;42;43;;.315
484981385205464412;1739499;40;040D1002;1003856;1257968;40;41;;.315
484981385205464444;1739497;40;040D0002;1258088;1258088;0;0;;0
484981385206378153;1739494;40;040D1002;7097;7101;1;5;;1.33
484981385205464412;1739494;40;040D1002;1003856;1257968;40;41;;.315
484981385205464412;1739490;40;040B1001;1003856;1257968;38;39;;.315
484981385205464444;1739245;40;040D0002;1258088;1258088;0;0;;0
484981385205464412;1739242;40;040D1002;1003856;1257968;40;41;;.315
484981385206591865;1957799;40;00401001;1086345;1193049;0;13;;5.282
484981385206168181;1957796;40;00401001;1257938;1136139;44;82;;10.783
484981385205613312;1957793;40;00401001;1086345;1193049;0;13;;5.282
484981385205464444;1736021;40;040D0001;1258088;1258088;0;0;;0
484981385205464412;1736019;40;040D1001;1003856;1257968;42;43;;.315
484981385205464444;1735775;40;040D0001;1258088;1258088;0;0;;0
484981385205464444;2215148;40;040D0003;1258088;1258088;0;0;;0
484981385205464412;1735768;40;040D1002;1003856;1257968;40;41;;.315
484981385205464444;1735765;40;040D0002;1258088;1258088;0;0;;0
484981385205464412;1735761;40;040D1002;1003856;1257968;40;41;;.315
484981385205464444;1735759;40;040D0002;1258088;1258088;0;0;;0
484981385205464412;1735757;40;040D1002;1003856;1257968;40;41;;.315
484981385205464444;1735753;40;040D0002;1258088;1258088;0;0;;0
484981385205464412;1735751;40;040D1002;1003856;1257968;40;41;;.315
484981385206773178;1733894;40;00400001;1528357;7471;0;19;;5.424
484981385205464444;1741602;40;040D0001;1258088;1258088;0;0;;0
484981385205464412;1741600;40;040D1002;1003856;1257968;40;41;;.315
484981385205464444;1741596;40;040D0002;1258088;1258088;0;0;;0
484981385205464412;1741594;40;040D1002;1003856;1257968;40;41;;.315
484981385205464444;2212610;40;040D0001;1258088;1258088;0;0;;0
484981385205464412;2212608;40;040D1001;1003856;1257968;42;43;;.315
484981385205464444;2212606;40;040D0001;1258088;1258088;0;0;;0
484981385205464412;2212603;40;040D1002;1003856;1257968;40;41;;.315
484981385205464444;2212601;40;040D0002;1258088;1258088;0;0;;0
484981385205464412;2212599;40;040D1003;1003856;1257968;41;42;;.315
484981385205464444;2212594;40;040D0003;1258088;1258088;0;0;;0
484981385205464412;2212593;40;040D1003;1003856;1257968;41;42;;.315
484981385205464412;1741161;40;040D1002;1003856;1257968;40;41;;.315
484981385205464444;1741159;40;040D0002;1258088;1258088;0;0;;0
484981385205464412;1741157;40;040D1002;1003856;1257968;40;41;;.315
484981385205464444;1736573;40;040D0002;1258088;1258088;0;0;;0
484981385205464412;1736571;40;040D1002;1003856;1257968;40;41;;.315
484981385205464444;1736569;40;040D0002;1258088;1258088;0;0;;0
484981385205464444;1736565;40;040D0002;1258088;1258088;0;0;;0
484981385205464444;1736560;40;040D0002;1258088;1258088;0;0;;0
484981385205464412;1736558;40;040D1002;1003856;1257968;40;41;;.315
484981385206377519;;41;041C1001;1003884;1003834;0;59;;20.075
484981385206297349;;41;041C1001;1003884;1003834;0;59;;20.075
484981385206297349;1722972;41;00411001;1003884;1003834;0;53;;20.129
484981385206495073;1723440;41;041C1001;3696;1003834;25;59;;11.728
484981385206494989;1723440;41;041C1001;1003884;1009880;0;24;;-7.983
484981385206297146;1723440;41;041C1001;1003884;1009880;0;24;;7.983
484981385206167922;1723437;41;041C1001;1003884;3691;0;14;;4.693
484981385205402675;1721987;41;00411002;1003884;1003834;0;50;;17.474
484981385206297001;962625;41;041C1001;1003884;1003834;0;59;1736023618;-20.075
484981385206296975;970934;41;041C0001;1003835;1003842;7;59;1736023601;-17.942
484981385206591432;1756023;41;041C1001;1003884;3691;0;14;;4.693
484981385206495127;1756023;41;041C1001;3572;1009880;15;24;;3.017
484981385206377688;1756023;41;041C1001;1003884;3691;0;14;;-4.693
484981385206297029;1756023;41;041C1001;1003884;3691;0;14;;4.693
484981385206377557;2765399;41;041X0002;1005762;1003842;0;50;;29.53
484981385205402645;1725935;41;041A1001;1003884;1003834;0;54;;18.719
484981385205926130;1738131;41;041C1001;1003884;3691;0;14;;4.693
484981385206297234;1750881;41;00411001;1003884;1003814;0;14;;5.045
484981385206167467;934158;41;041C1001;1003884;1003834;0;59;;-20.075
484981385206297087;1741583;41;041C0001;1003834;1003804;0;20;;5.769
484981385206167494;1727890;41;041C1001;1003884;1003834;0;59;;20.075
484981385206167616;1742963;41;00410001;1003834;1003837;0;29;;11.231
484981385205402593;965449;41;041A1001;1003884;1003834;0;54;1735780496;-18.719
484981385206167525;1721355;41;00411001;1003884;1003834;0;53;;20.129
484981385205402489;929942;41;00411002;1003884;1003834;0;50;1735781257;-17.474
484981385206377882;941289;42;00430003;1013545;1003794;0;47;1736169574;-17.765
484981385206377911;2332171;42;00430003;1013545;1003794;0;47;;17.765
484981385205925982;1757402;49;00491001;1051575;1229321;0;46;;16.711
484981385205925953;1757400;49;00490001;1030281;1051467;21;43;;9.228
484981385205127890;1725526;49;00491001;1051575;1229321;0;46;;16.711
484981385205127832;971965;49;00491001;1051575;1229321;0;46;;-16.711
484981385206334717;920978;49;00491001;311001;1229321;44;46;1736041009;-1.127
484981385206334717;1752284;49;00491001;311001;1045908;44;45;;.427
484981385205722047;2764945;9;00090001;1136130;185;0;23;;7.079
484981385205403291;2764941;9;00090001;1051497;1258007;30;65;;11.303
484981385205403244;2321192;9;00090001;1051497;1258007;30;65;;11.303
484981385206773000;2755431;9;00090001;1051634;1258007;24;65;;13.236
484981385206378240;2755431;9;00090001;1136130;185;0;23;;7.079
484981385205721990;2755429;9;00091001;1258007;1003848;0;23;;7.089
484981385205613414;2755428;9;00090001;1051497;1258007;30;65;;11.303
484981385205264442;2749845;9;00091001;1136088;1136072;33;67;;10.452
484981385206494742;;9;00091001;1013496;1136072;59;67;;2.535
484981385206377701;907263;9;00091001;1136088;166;33;58;;-7.585
484981385205264471;1849295;9;00091001;1136088;1136072;33;67;;10.452
484981385205532142;2753657;9;00090001;1136130;185;0;23;;7.079
484981385206494712;2756754;9;00091001;195;1136072;37;67;;8.675
484981385206297203;2756754;9;00091001;1258007;1030300;0;14;;4.357
484981385205264502;1841633;9;00091001;1258007;1030300;0;14;;4.357
484981385206898958;1843553;9;00090001;1136130;1051405;0;27;;-8.321
484981385206898860;1843553;9;00090001;1136130;1051405;0;27;;8.321
484981385205722243;2761524;9;00091001;1136088;1136072;33;67;;10.452
484981385206591988;1843100;9;00090001;1136130;185;0;23;;7.079
484981385205926458;2063607;150;01501001;1045885;1045908;0;37;;10.192
484981385205926458;2063605;150;01500001;1045899;1045881;0;34;;10.433
484981385205926458;2063603;150;01501001;1045885;1045908;0;37;;10.192
484981385205926458;2063601;150;01500001;1045899;1045881;0;34;;10.433
484981385205920179;2606277;151;01510001;245202;1086511;1;6;;2.178
484981385205920179;913094;151;01510001;245202;1229361;1;7;;-2.321
484981385206494805;1735277;270;02381001;1193125;1136117;0;24;;10.01
484981385206657716;2798268;63;00631007;1258085;1258056;0;37;;15.88
484981385206773029;2798267;63;00630005;1257966;1258085;10;42;;14.431
484981385205114061;2179652;32X;032X0001;1003888;1003860;30;35;;2.259
484981385205114061;2198897;32X;032X0001;1003888;1003860;30;35;;2.259
484981385205127440;983918;67;00671002;1229309;1229305;6;64;1735883832;-24.634
484981385205127496;1737814;67;00670001;1229340;1086381;0;23;;9.745
484981385205264617;2290145;67;00671002;1211664;1229305;61;64;;1.309
484981385205127467;918097;67;00671002;1229390;1229305;0;64;1736167133;-28.43
484981385205127467;949469;67;00670001;1229340;1229329;0;68;1736167040;-29.203
484981385205127554;2287414;67;00671002;1229390;3946;0;25;;11.313
484981385205113909;2342063;69;00680002;1013526;1001420;0;3;;1.345
484981385205113909;2241708;69;00681004;1001436;1013526;64;67;;1.223
484981385205113909;2241705;69;00680003;1013526;1001420;0;3;;1.345
484981385205113909;2241704;69;00681002;1001436;1013526;67;70;;1.223
484981385205113909;2241613;69;00680004;1013526;1001420;0;3;;1.345
484981385205113909;2241612;69;00681002;1001436;1013526;67;70;;1.223
484981385205113909;2241610;69;00680004;1013526;1001420;0;3;;1.345
484981385205113909;2241609;69;00681002;1001436;1013526;67;70;;1.223
484981385205113909;2237797;69;00680003;1013526;1001420;0;3;;1.345
484981385205113909;2237796;69;00681004;1001436;1013526;64;67;;1.223
484981385205113909;2237793;69;00680002;1013526;1001420;0;3;;1.345
484981385205113909;2237792;69;00681002;1001436;1013526;67;70;;1.223
484981385205113909;2237789;69;00680004;1013526;1001420;0;3;;1.345
484981385205113909;2342725;69;00681003;1001436;1013526;68;71;;1.223
484981385205113909;2342723;69;00680001;1013526;1001420;0;3;;1.345
484981385205113909;2237784;69;00681002;1001436;1013526;67;70;;1.223
484981385205113909;2237781;69;00680004;1013526;1001420;0;3;;1.345
484981385205113909;2237780;69;00681002;1001436;1013526;67;70;;1.223
484981385205113909;2244063;69;00680004;1013526;1001420;0;3;;1.345
484981385205113909;2244062;69;00681003;1001436;1013526;68;71;;1.223
484981385205113909;2244060;69;00680004;1013526;1001420;0;3;;1.345
484981385205113909;2244059;69;00681002;1001436;1013526;67;70;;1.223
484981385205113909;2244057;69;00680004;1013526;1001420;0;3;;1.345
484981385205113909;2244056;69;00681002;1001436;1013526;67;70;;1.223
484981385205113909;2244054;69;00680004;1013526;1001420;0;3;;1.345
484981385205113909;2244053;69;00681002;1001436;1013526;67;70;;1.223
484981385205113909;2238888;69;00680001;1013526;1001420;0;3;;1.345
484981385205113909;2238887;69;00681001;1001436;1013526;71;74;;1.223
484981385205113909;2248072;69;068A0001;1013526;1001420;0;3;;1.345
484981385205113909;2347839;69;068A1001;1001436;1013526;18;21;;1.223
484981385205113909;2248070;69;068A0001;1013526;1001420;0;3;;1.345
484981385205113909;2248069;69;068A1001;1001436;1013526;18;21;;1.223
484981385205127642;994643;76;00760001;1193140;1193084;0;33;;-15.103
484981385205127670;1866215;76;00760001;1193140;1193084;0;33;;15.103
484981385205765254;963862;79;079A1001;311001;1086385;30;31;;-.595
484981385205464654;1731545;79;00790001;1086385;1086467;0;31;;10.3
484981385205765254;1745840;79;079A1001;311001;311001;30;30;;0
484981385205722791;2145080;17A;017A1003;974;1193073;24;59;;15.58
484981385206296822;958298;17A;017A1003;1013576;1193073;0;59;1736237481;-24.525
484981385205402550;2147238;17A;017A0004;984;985;17;18;;.19
484981385205264817;2147238;17A;017A0004;1193043;1013447;0;16;;11.353
484981385205722421;2169535;17A;017A1003;1013576;1013709;0;22;;7.983
484981385205464233;971273;17A;017A1003;1013576;1193073;0;59;1737007488;-24.525
484981385206494222;2145673;17A;017A1003;1013576;1193073;0;59;;24.525
484981385205613148;2147430;17A;017A1003;1013576;1193073;0;59;;24.525
484981385205531776;2765779;46A;046A0001;761;1258056;28;58;;10.391
484981385205402565;2765779;46A;046A0001;1257982;1005668;0;27;;8.279
484981385206773088;2765432;46A;046A1001;2059;1257982;14;64;;16.515
484981385205114219;2752945;46A;00470001;1045899;1051608;0;3;;1.15
484981385205114219;2752942;46A;00471001;1051612;1045908;50;51;;.516
484981385205114219;2752939;46A;00470001;1045899;1051608;0;3;;1.15
484981385205114219;2752936;46A;00471001;1051612;1045908;50;51;;.516
484981385205114219;2752934;46A;00470001;1045899;1051608;0;3;;1.15
484981385205114219;2752931;46A;00471001;1051612;1045908;50;51;;.516
484981385205114219;2752929;46A;00470001;1045899;1051608;0;3;;1.15
484981385205114219;2752926;46A;00471002;1051612;1045908;52;53;;.516
484981385205114219;2752924;46A;00470002;1045899;1051608;0;3;;1.15
484981385205114219;2752921;46A;00471002;1051612;1045908;52;53;;.516
484981385205114219;2752919;46A;00470002;1045899;1051608;0;3;;1.15
484981385205114219;2752916;46A;00471001;1051612;1045908;50;51;;.516
484981385205463953;2752914;46A;00470001;1051608;1086408;3;12;;2.582
484981385205114219;2752914;46A;00470001;1045899;1051608;0;3;;1.15
484981385205264318;2752911;46A;00471001;1258032;399;0;49;;16.78
484981385205114219;2752911;46A;00471001;1051612;1045908;50;51;;.516
484981385205114219;2763731;46A;00470001;1045899;1051608;0;3;;1.15
484981385205114219;2763729;46A;00471001;1051612;1045908;50;51;;.516
484981385206377624;2754226;46A;046A0001;1065003;1258056;13;58;;15.353
484981385206841603;938137;46A;046A0001;1257982;1005668;0;27;;-8.279
484981385205114219;2764987;46A;00470001;1045899;1051608;0;3;;1.15
484981385205114219;2764985;46A;00471001;1051612;1045908;50;51;;.516
484981385205114219;2764983;46A;00470001;1045899;1051608;0;3;;1.15
484981385205114219;2764979;46A;00471001;1051612;1045908;50;51;;.516
484981385206657766;2759279;46A;046A0001;1257982;759;0;26;;7.988
484981385205722592;2752488;46A;046A0001;1257982;1065015;0;12;;3.244
484981385205532297;2752487;46A;046A1001;1009899;1257982;32;64;;9.662
484981385205722650;2757602;46A;046A0001;1086464;1258056;32;58;;8.779
484981385205114219;2757443;46A;00470001;1045899;1051608;0;3;;1.15
484981385205114219;2757441;46A;00471001;1051612;1045908;50;51;;.516
484981385205114219;2757439;46A;00470001;1045899;1051608;0;3;;1.15
484981385205114219;2757437;46A;00471001;1051612;1045908;50;51;;.516
484981385205114219;2757435;46A;00470001;1045899;1051608;0;3;;1.15
484981385205114219;2757432;46A;00471001;1051612;1045908;50;51;;.516
484981385205114219;2757430;46A;00470001;1045899;1051608;0;3;;1.15
484981385205114219;2757427;46A;00471002;1051612;1045908;52;53;;.516
484981385205114219;2757425;46A;00470002;1045899;1051608;0;3;;1.15
484981385205114219;2757423;46A;00471002;1051612;1045908;52;53;;.516
484981385205114219;2757421;46A;00470002;1045899;1051608;0;3;;1.15
484981385205114219;2757419;46A;00471002;1051612;1045908;52;53;;.516
484981385205114219;2757417;46A;00470001;1045899;1051608;0;3;;1.15
484981385205114219;2757415;46A;00471001;1051612;1045908;50;51;;.516
484981385205532354;991620;17;00171001;1311844;1311949;0;65;1736193819;-19.279
484981385205532381;1719382;17;00171001;1311844;1311949;0;65;;19.279
484981385205925888;1733031;17;00171001;1311844;1311949;0;65;;19.279
